 $DATA
  TS CH3-CH2-CH2F  IRC backward                                                 
C1       0
C           6.0     -0.8593055340      0.2964702870      0.0280441570
   N31        6
   D          1
     1         0.8000000000  1.00000000
           
C           6.0     -1.0763971410      1.3169065380     -0.8101269750
   N31        6
   D          1
     1         0.8000000000  1.00000000
           
C           6.0      0.4705976190     -0.3505167300      0.2836081360
   N31        6
   D          1
     1         0.8000000000  1.00000000
           
H           1.0     -1.7002303210     -0.0971652190      0.5999626460
   N31        6
   P          1
     1         1.1000000000  1.00000000
           
H           1.0     -2.0649349810      1.7461692790     -0.9436341890
   N31        6
   P          1
     1         1.1000000000  1.00000000
           
H           1.0     -0.2739363920      1.7386200110     -1.4112471250
   N31        6
   P          1
     1         1.1000000000  1.00000000
           
H           1.0      0.4100751020     -1.4373340340      0.1592920160
   N31        6
   P          1
     1         1.1000000000  1.00000000
           
H           1.0      1.2413845780      0.0342720110     -0.3902554820
   N31        6
   P          1
     1         1.1000000000  1.00000000
           
H           1.0      0.7857819600     -0.1502436740      1.3133087330
   N31        6
   P          1
     1         1.1000000000  1.00000000
           
H           1.0     -0.3722277820      2.0387324850      1.2554429180
   N31        6
   P          1
     1         1.1000000000  1.00000000
           
F           9.0      0.0549199890      2.2054633960      2.0704103700
   N31        6
   D          1
     1         0.8000000000  1.00000000
           
 $END      
